ans = x0 alpha lambda iteraciones punto-final valor
ans = (1.50, -2.50) 0.250 0.250 10000 (1.06, -16.17) 0.00
ans = (1.50, -2.50) 0.588 0.250 10000 (1.05, -19.98) 0.00
ans = (1.50, -2.50) 0.925 0.250 10000 (1.04, -22.36) 0.00
ans = (1.50, -2.50) 1.263 0.250 10000 (1.04, -24.16) 0.00
ans = (1.50, -2.50) 1.600 0.250 9962 (1.04, -25.60) 0.00
ans = (1.50, -2.50) 0.250 0.588 10000 (1.04, -13.12) 0.00
ans = (1.50, -2.50) 0.588 0.588 10000 (1.01, -16.18) 0.00
ans = (1.50, -2.50) 0.925 0.588 10000 (0.99, -18.09) 0.00
ans = (1.50, -2.50) 1.263 0.588 10000 (0.98, -19.54) 0.00
ans = (1.50, -2.50) 1.600 0.588 10000 (0.98, -20.72) 0.00
ans = (1.50, -2.50) 0.250 0.925 10000 (1.05, -11.75) 0.01
ans = (1.50, -2.50) 0.588 0.925 10000 (1.01, -14.47) 0.00
ans = (1.50, -2.50) 0.925 0.925 10000 (1.00, -16.18) 0.00
ans = (1.50, -2.50) 1.263 0.925 10000 (0.98, -17.47) 0.00
ans = (1.50, -2.50) 1.600 0.925 10000 (0.98, -18.52) 0.00
ans = (1.50, -2.50) 0.250 1.263 10000 (1.06, -10.90) 0.01
ans = (1.50, -2.50) 0.588 1.263 10000 (1.02, -13.41) 0.00
ans = (1.50, -2.50) 0.925 1.263 10000 (1.00, -14.99) 0.00
ans = (1.50, -2.50) 1.263 1.263 10000 (0.99, -16.18) 0.00
ans = (1.50, -2.50) 1.600 1.263 10000 (0.98, -17.15) 0.00
ans = (1.50, -2.50) 0.250 1.600 10000 (1.07, -10.29) 0.01
ans = (1.50, -2.50) 0.588 1.600 10000 (1.03, -12.66) 0.01
ans = (1.50, -2.50) 0.925 1.600 10000 (1.01, -14.14) 0.00
ans = (1.50, -2.50) 1.263 1.600 10000 (1.00, -15.26) 0.00
ans = (1.50, -2.50) 1.600 1.600 10000 (0.99, -16.18) 0.00
ans = (1.50, 2.50) 0.250 0.250 10000 (5.97, 15.84) 0.00
ans = (1.50, 2.50) 0.588 0.250 10000 (6.67, 19.68) 0.00
ans = (1.50, 2.50) 0.925 0.250 10000 (7.08, 22.08) 0.00
ans = (1.50, 2.50) 1.263 0.250 10000 (7.38, 23.88) 0.00
ans = (1.50, 2.50) 1.600 0.250 10000 (7.63, 25.35) 0.00
ans = (1.50, 2.50) 0.250 0.588 10000 (5.45, 12.70) 0.01
ans = (1.50, 2.50) 0.588 0.588 10000 (6.09, 15.81) 0.00
ans = (1.50, 2.50) 0.925 0.588 10000 (6.47, 17.75) 0.00
ans = (1.50, 2.50) 1.263 0.588 10000 (6.73, 19.21) 0.00
ans = (1.50, 2.50) 1.600 0.588 10000 (6.95, 20.40) 0.00
ans = (1.50, 2.50) 0.250 0.925 10000 (5.15, 11.29) 0.01
ans = (1.50, 2.50) 0.588 0.925 10000 (5.77, 14.07) 0.00
ans = (1.50, 2.50) 0.925 0.925 10000 (6.13, 15.80) 0.00
ans = (1.50, 2.50) 1.263 0.925 10000 (6.38, 17.11) 0.00
ans = (1.50, 2.50) 1.600 0.925 10000 (6.58, 18.17) 0.00
ans = (1.50, 2.50) 0.250 1.263 10000 (4.95, 10.41) 0.01
ans = (1.50, 2.50) 0.588 1.263 10000 (5.56, 12.99) 0.00
ans = (1.50, 2.50) 0.925 1.263 10000 (5.90, 14.59) 0.00
ans = (1.50, 2.50) 1.263 1.263 10000 (6.14, 15.80) 0.00
ans = (1.50, 2.50) 1.600 1.263 10000 (6.33, 16.78) 0.00
ans = (1.50, 2.50) 0.250 1.600 10000 (4.79, 9.78) 0.01
ans = (1.50, 2.50) 0.588 1.600 10000 (5.39, 12.21) 0.01
ans = (1.50, 2.50) 0.925 1.600 10000 (5.72, 13.73) 0.00
ans = (1.50, 2.50) 1.263 1.600 10000 (5.96, 14.87) 0.00
ans = (1.50, 2.50) 1.600 1.600 10000 (6.15, 15.80) 0.00
ans = (0.00, 0.00) 0.250 0.250 10000 (-10.25, -12.86) 0.00
ans = (0.00, 0.00) 0.588 0.250 10000 (-11.87, -16.67) 0.00
ans = (0.00, 0.00) 0.925 0.250 10000 (-12.81, -19.05) 0.00
ans = (0.00, 0.00) 1.263 0.250 10000 (-13.50, -20.83) 0.00
ans = (0.00, 0.00) 1.600 0.250 10000 (-14.05, -22.28) 0.00
ans = (0.00, 0.00) 0.250 0.588 10000 (-8.89, -9.69) 0.01
ans = (0.00, 0.00) 0.588 0.588 10000 (-10.39, -12.78) 0.00
ans = (0.00, 0.00) 0.925 0.588 10000 (-11.24, -14.70) 0.00
ans = (0.00, 0.00) 1.263 0.588 10000 (-11.85, -16.15) 0.00
ans = (0.00, 0.00) 1.600 0.588 10000 (-12.33, -17.33) 0.00
ans = (0.00, 0.00) 0.250 0.925 10000 (-8.17, -8.29) 0.01
ans = (0.00, 0.00) 0.588 0.925 10000 (-9.61, -11.04) 0.00
ans = (0.00, 0.00) 0.925 0.925 10000 (-10.42, -12.76) 0.00
ans = (0.00, 0.00) 1.263 0.925 10000 (-11.00, -14.05) 0.00
ans = (0.00, 0.00) 1.600 0.925 10000 (-11.46, -15.11) 0.00
ans = (0.00, 0.00) 0.250 1.263 10000 (-7.67, -7.41) 0.01
ans = (0.00, 0.00) 0.588 1.263 10000 (-9.08, -9.96) 0.01
ans = (0.00, 0.00) 0.925 1.263 10000 (-9.87, -11.55) 0.00
ans = (0.00, 0.00) 1.263 1.263 10000 (-10.43, -12.75) 0.00
ans = (0.00, 0.00) 1.600 1.263 10000 (-10.87, -13.73) 0.00
ans = (0.00, 0.00) 0.250 1.600 10000 (-7.30, -6.80) 0.01
ans = (0.00, 0.00) 0.588 1.600 10000 (-8.69, -9.20) 0.01
ans = (0.00, 0.00) 0.925 1.600 10000 (-9.46, -10.70) 0.00
ans = (0.00, 0.00) 1.263 1.600 10000 (-10.01, -11.83) 0.00
ans = (0.00, 0.00) 1.600 1.600 10000 (-10.44, -12.75) 0.00
ans = (1.00, 1.00) 0.250 0.250 10000 (8.03, 15.15) 0.00
ans = (1.00, 1.00) 0.588 0.250 10000 (9.01, 19.01) 0.00
ans = (1.00, 1.00) 0.925 0.250 10000 (9.58, 21.41) 0.00
ans = (1.00, 1.00) 1.263 0.250 10000 (9.99, 23.22) 0.00
ans = (1.00, 1.00) 1.600 0.250 10000 (10.33, 24.69) 0.00
ans = (1.00, 1.00) 0.250 0.588 10000 (7.20, 11.99) 0.01
ans = (1.00, 1.00) 0.588 0.588 10000 (8.10, 15.13) 0.00
ans = (1.00, 1.00) 0.925 0.588 10000 (8.61, 17.08) 0.00
ans = (1.00, 1.00) 1.263 0.588 10000 (8.98, 18.55) 0.00
ans = (1.00, 1.00) 1.600 0.588 10000 (9.27, 19.74) 0.00
ans = (1.00, 1.00) 0.250 0.925 10000 (6.76, 10.56) 0.01
ans = (1.00, 1.00) 0.588 0.925 10000 (7.63, 13.38) 0.00
ans = (1.00, 1.00) 0.925 0.925 10000 (8.12, 15.12) 0.00
ans = (1.00, 1.00) 1.263 0.925 10000 (8.47, 16.44) 0.00
ans = (1.00, 1.00) 1.600 0.925 10000 (8.74, 17.50) 0.00
ans = (1.00, 1.00) 0.250 1.263 10000 (6.46, 9.66) 0.01
ans = (1.00, 1.00) 0.588 1.263 10000 (7.31, 12.28) 0.01
ans = (1.00, 1.00) 0.925 1.263 10000 (7.79, 13.90) 0.00
ans = (1.00, 1.00) 1.263 1.263 10000 (8.13, 15.12) 0.00
ans = (1.00, 1.00) 1.600 1.263 10000 (8.39, 16.11) 0.00
ans = (1.00, 1.00) 0.250 1.600 10000 (6.24, 9.02) 0.01
ans = (1.00, 1.00) 0.588 1.600 10000 (7.08, 11.50) 0.01
ans = (1.00, 1.00) 0.925 1.600 10000 (7.54, 13.03) 0.00
ans = (1.00, 1.00) 1.263 1.600 10000 (7.87, 14.18) 0.00
ans = (1.00, 1.00) 1.600 1.600 10000 (8.13, 15.12) 0.00
ans = (-3.00, -3.00) 0.250 0.250 10000 (-8.29, -14.01) 0.00
ans = (-3.00, -3.00) 0.588 0.250 10000 (-9.50, -17.85) 0.00
ans = (-3.00, -3.00) 0.925 0.250 10000 (-10.19, -20.24) 0.00
ans = (-3.00, -3.00) 1.263 0.250 10000 (-10.68, -22.05) 0.00
ans = (-3.00, -3.00) 1.600 0.250 10000 (-11.07, -23.52) 0.00
ans = (-3.00, -3.00) 0.250 0.588 10000 (-7.19, -10.94) 0.01
ans = (-3.00, -3.00) 0.588 0.588 10000 (-8.30, -14.01) 0.00
ans = (-3.00, -3.00) 0.925 0.588 10000 (-8.93, -15.95) 0.00
ans = (-3.00, -3.00) 1.263 0.588 10000 (-9.38, -17.40) 0.00
ans = (-3.00, -3.00) 1.600 0.588 10000 (-9.73, -18.59) 0.00
ans = (-3.00, -3.00) 0.250 0.925 10000 (-6.64, -9.56) 0.01
ans = (-3.00, -3.00) 0.588 0.925 10000 (-7.70, -12.29) 0.00
ans = (-3.00, -3.00) 0.925 0.925 10000 (-8.30, -14.01) 0.00
ans = (-3.00, -3.00) 1.263 0.925 10000 (-8.73, -15.31) 0.00
ans = (-3.00, -3.00) 1.600 0.925 10000 (-9.06, -16.37) 0.00
ans = (-3.00, -3.00) 0.250 1.263 10000 (-6.28, -8.72) 0.01
ans = (-3.00, -3.00) 0.588 1.263 10000 (-7.30, -11.23) 0.01
ans = (-3.00, -3.00) 0.925 1.263 10000 (-7.88, -12.81) 0.00
ans = (-3.00, -3.00) 1.263 1.263 10000 (-8.30, -14.01) 0.00
ans = (-3.00, -3.00) 1.600 1.263 10000 (-8.62, -14.99) 0.00
ans = (-3.00, -3.00) 0.250 1.600 10000 (-6.01, -8.12) 0.01
ans = (-3.00, -3.00) 0.588 1.600 10000 (-7.01, -10.47) 0.01
ans = (-3.00, -3.00) 0.925 1.600 10000 (-7.58, -11.96) 0.00
ans = (-3.00, -3.00) 1.263 1.600 10000 (-7.98, -13.09) 0.00
ans = (-3.00, -3.00) 1.600 1.600 10000 (-8.30, -14.01) 0.00
